#control
5441
-1858257989664758503 -2846139078241701409
-470951233209434827 -804346563037913421
END
#control
5503
3312155913073801743 -2776955638714262346
2457633067863328438 -2675837756135842472
END
#control
5497
1240223247293224963 -1407150716422510961
-1192710629820628019 -33062188746285105
END
#control
5457
-4618914279410538414 1753449073211465921
517413511065706158 -507264625259040141
END
#control
38215
-2178528624669554187 6700105736612389047
-1507359040171968110 -1610770240817979724
END
#control
21837
1607586981066462941 2452047245025767441
2665244025143427650 4018504653146098123
END
#control
54653
-376382726691917111 -1079165891739019068
-602322944216565301 -1818405496811353736
END
#control
38269
-376382726691917111 -1079165891739019068
-602322944216565301 -1818405496811353736
END
#control
21871
-575676511781999821 -203917983124911821
-2593999612698829547 2575665575172593647
END
#control
54611
-4305958764422244211 3688007505385380025
-4817588541384033974 -4093969601798862180
END
#control
38247
-887206892459465061 -4419248947649519983
-4502940131032693883 -2516261549727167561
END
#control
5499
1666308539148969126 287177406604333848
3108531909204909675 5512104703841329841
END
#control
5445
-310617832588669820 -1227112279891104940
-2153810101391188285 -2693816179620559075
END
#control
21859
-978793256573258010 172134887970875897
1805160478056600979 5452623670648215995
END
#control
38247
560867719185790860 1715837926369543447
1824576854515076364 8506869945819265610
END
#control
54637
274986392091628623 1175911762463552508
-1790883305516621703 2400967059793312876
END
#control
21881
274986392091628623 1175911762463552508
-1790883305516621703 2400967059793312876
END
#control
38241
-1954092928804698967 2590816063442634069
293177579112985415 1526436011814537875
END
#control
5457
-426909114440264775 168490475841227155
-78923308484048391 -423723153413524338
END
#control
54651
1834706578962424565 -3323914162360178105
-2869455435313378281 5633259322611241983
END
#control
54619
2120587906056586802 -2783987998454187166
746004724718319786 -6707581865072356899
END
#control
38247
3680308092927382744 -7283813923277917779
-332567405078436792 -3475289602254427792
END
#control
5475
2834934199297102466 -4305810875441354847
2479107286315308633 8305385294637418649
END
#control
38255
3114019409845050920 -1021159997651447242
1760922035315072384 -4858587547456164071
END
#control
54621
-1262202092849420576 1261484368618874804
-354188544389853950 -1414465214350864036
END
#control
54641
-1262202092849420576 1261484368618874804
-354188544389853950 -1414465214350864036
END
#control
54653
-1262202092849420576 1261484368618874804
-354188544389853950 -1414465214350864036
END
#control
21855
2418106000077962168 -6022329554659042975
-686755949468290742 -4889754816605291828
END
#control
5461
-2624329763205307568 3903914989514998076
-494865477704757124 -872600408452786240
END
#control
21829
-2904792894308758400 -740621843442760288
-1242650425296087766 -123038984863236018
END
#control
5469
1715966947347141984 -241660552767833536
1546573630217299900 694908799208586516
END
#control
38263
2717741735282864160 -2148173202272717340
4120683695263619299 -2899923523213825229
END
#control
21859
1426288505698976030 -469397495196274902
-776846079028989453 -5170765919137800538
END
#control
21853
1131433826066395648 -2507754830275967873
984052312265162764 -982184126532824912
END
#control
54613
-2795958235862963480 1085635039835818604
2952629030750993656 -854096967311359602
END
#control
54601
-2795958235862963480 1085635039835818604
2952629030750993656 -854096967311359602
END
#control
54643
-1664524409796567832 -1422119790440149269
3936681343016156420 -1836281093844184514
END
#control
5449
-2795958235862963480 1085635039835818604
2952629030750993656 -854096967311359602
END
#control
21861
-898999954067981034 -796666246561332659
1224849324612565530 -1498142391370621957
END
#control
54629
2540144468928018550 -1640731118367823543
1531524215413029152 1727341415217702715
END
#control
5449
2540144468928018550 -1640731118367823543
1531524215413029152 1727341415217702715
END
#control
38261
535545159198083522 192796437575092495
-980542539763123190 1750800413781181085
END
#control
38221
-715941229608204320 -694315517985578980
-1178368630394488198 1620289971715711135
END
#control
38267
-751594398743075314 -2035176417665179600
-923627042150245694 -826671687005822845
END
#control
5461
-407479894892437676 -373574410547752785
-378389100191257644 -2767004630789539555
END
#control
5453
627214757315772640 564929128135499334
-1607413964219226440 -1729609761503209691
END
#control
54647
669670969538604855 610054661616235110
-1022698055035088218 2821167881445465021
END
#control
5483
-709138186520243099 -1990050884184443824
-338911132966107472 3724105955942851867
END
#control
21849
1280950972071721646 1677076735929144379
569728415965481932 697968527002684554
END
#control
21835
-1512383450279186210 -1188556766938669967
4129283901013824838 -1606487708169590842
END
#control
21877
-1638932930670194205 659315562556441641
-778499422958139280 464327102777276820
END
#control
21845
858006901759175312 776318703170078028
239095838614887398 262978499085787328
END
#control
21879
100325395774681767 766840901098053048
-1897808286285306230 -1536529405377983519
END
#control
38239
-175971641692580190 1071355848781886664
-2040051859427070024 -1284616389671878657
END
#control
21825
-285523590761832859 -736476440819725103
-344501284543662954 1058091566075809572
END
#control
54631
-6348050689644095866 1761398910875205376
3279894755223041866 -2130014420071843348
END
#control
21831
-5121190830126742515 2213479236994150240
-1193890430334445926 534564854173557066
END
#control
54639
-3755836494440955750 -415759295700262566
3691667738154007528 -1574555528325297658
END
#control
5489
-2243453044161769540 772797471238407401
-437616162859817310 31932179844293184
END
#control
5443
-4872578751306357021 2953162965477897639
2519796975655376681 -1981462409835558877
END
#control
38231
-3767907267674895556 1234131676544354087
1276664300899563599 -1341596169585017309
END
#control
5473
3371190904616034003 -1963205901858550116
3092821558561466111 -2547495077064184922
END
#control
21845
906494408662715520 -331287016828778635
2275646503648499764 1204888485493117092
END
#control
21827
856605218564923485 -2949812396168520942
1771262950530611335 -4372406723374390014
END
#control
5469
1417648792073422144 3239184664655945891
1179606456786454798 3378704382594555610
END
#control
38253
-1585654030797771800 -1666432892451281543
3227127246332021376 4359387846912950871
END
#control
38215
2631439585849458393 -2491616336684377726
4920513645532663319 892343165154517677
END
#control
54647
1924814624742548840 3236219732999864548
1845562213475690628 3110210100776618840
END
#control
54641
3510468655540320640 4902652625451146091
-1381565032856330748 -1249177746136332031
END
#control
5503
1924814624742548840 3236219732999864548
1845562213475690628 3110210100776618840
END
#control
21877
-2182224846984927887 1994301465501967179
-2823205496576929105 812558833101528495
END
#control
5481
-461698953893271932 -2576028768057959723
-66899508176054008 -3354838391971116811
END
#control
38245
-1523129042002161750 2102654374730757157
-1448807409996673250 1625725786336956784
END
#control
54655
2215886108290014590 3022280980168251169
153289662443952078 2992418493929256704
END
#control
38259
2506957591837480340 2808342227336637790
-1538982888587786472 2874626887081894568
END
#control
38269
949624222564457000 -1594863806480175050
621401327156201875 1671518086476276079
END
#control
54605
-1556118449385341550 -2916399177279253222
3673484549223229125 125664489898506005
END
#control
38239
-3079247491387503300 -813744802548496065
2224677139226555875 1751390276235462789
END
#control
54599
318467138455583215 4817135860219247173
1763959366660325078 1446569833692972302
END
#control
5487
-2650189407275169057 -567235135175350340
3236042747072057542 -4782895445360039077
END
#control
5489
1727848927939685094 274969647011270415
2223439874800501608 2360332648869674210
END
#control
38245
1448916728456336432 -106422883946997540
2354358788472852638 -2361512393485529127
END
#control
38209
-2072637048913282868 -4441887100417284
-2135030033394606886 2272645272968171441
END
#control
5447
-2167482952363563232 4513324767528308113
-1221547051187418792 108314735836071215
END
#control
38249
-473091422154595271 -1585421811765136627
4844281050702943972 -2988988211279270624
END
#control
38271
-3342904717528667288 -1480930098704800903
-2144348338600091263 -1680579835080991098
END
#control
5487
-6105550668666988537 1377947463545254831
3126073456580608870 -3770895363999147398
END
#control
21841
-61145831696536500 882554499408098472
2558123665660023197 -4532066041161965981
END
#control
54647
-5125219814562918757 727715363786674363
-1163821454022505031 -3751839680976088528
END
#control
38255
507239431949474509 -2235653911523717095
554386140099830071 -2969932528256211754
END
#control
38261
-3132162869506906807 -397494437606153102
1298765840333855059 -2543421149322746926
END
#control
5453
1113100826571723768 1348819970388831616
-563925162298815366 641428152613360324
END
#control
5497
184689289476354906 -4321289442430277003
-1665544921128049824 142734839089949496
END
#control
21865
-703568144095767830 -2636938816121633668
-354393829294539515 1630869862904407662
END
#control
38269
826424281484581710 -3878801645819104776
1422683944082795255 1331100387002168844
END
#control
38213
2259430880906093018 -669985467327245184
-3279635125048312354 3238814866655969364
END
#control
21877
5603168193667627273 -4077582259739209134
1666846039697611267 3520477457001540150
END
#control
54635
-6552915779355761963 3732129275082642183
1103124178192962142 1578659814960028703
END
#control
5475
6044480659093795520 -8345546707422633582
2560642185680463799 1526449767015649744
END
#control
54609
-182570043946113241 -2085882377549028498
-61336551731657257 -2523429784725294808
END
#control
38269
-182570043946113241 -2085882377549028498
-61336551731657257 -2523429784725294808
END
#control
5461
1040002910714777834 692891797691902122
706410043504630069 1923850201406180962
END
#control
38267
2286673988175096477 -1433433720303764954
-1323983782301994234 -4099438479803669324
END
#control
38269
-460054423816289255 2141716125082425400
4623808472065133606 2985859011299302928
END
#control
54599
-3459126112484489401 -3153820851459952598
-4148468638292456196 -5916052520692656000
END
#control
5467
-6735682181022865561 -4221759325370876698
-8235600724853255135 9138068817049534424
END
#control
38261
3351299522387509420 1198222725913046743
2392470276745342812 2045170008386064717
END
#control
38233
1771346307665293980 3434920755553868814
-3312636994657559686 -2968256039499298438
END
#control
38257
-4095192216100186354 -3850792739220625129
-1013313683932107942 2685954899258778132
END
#control
21881
-2993591061803697778 -2791094724674544565
4106485533296170236 1718850120163263141
END
#control
21877
-506860969639734155 3204157332698370648
-708548306099510682 -3716797512968067239
END
#control
5461
2183820447834861265 2783074799596660197
-2939643305979714350 -2550878000291361729
END
#control
54603
-5678439540906153298 -3047925475820102139
2107768625257662128 1231672673956424316
END
#control
5463
600573123028894321 3585942062997183187
181439003210055720 -4005160225593715545
END
#control
21885
801097035489796788 -2889962864644738420
3645352573996926510 -1558880077509984892
END
#control
5459
5754576963795684873 4054279444173069387
3033160913024225864 -5232545458311209995
END
#control
21827
2413125445049061429 7123950325253405613
4615479758486731924 7497431113738564959
END
#control
5493
-3543651359220658269 -4964732294657511996
3310141508316407095 7317007379332983556
END
#control
5501
-2228863073299499116 -2542278288003667256
971377919004139960 573938430833623728
END
#control
54653
-4324189576316815120 -2248179982479368924
3740891901191673392 2146324053518655028
END
#control
38247
8444114956486583198 -5296105458299471063
5848660526449335520 3377996727475079344
END
#control
21879
-2453854348950385868 -1378910368278430645
6524584910860136352 3595398865369898952
END
#control
5461
-1199511634953403203 -2527067925676671032
421432992403268230 -2354165350950447688
END
#control
21829
3279832175611811686 -1269301566346535924
-948291793832163169 -628422147784584327
END
#control
21827
-273322352502622565 -6877703184274859127
4809086462785715497 6237142417285041680
END
#control
38215
911508073590427209 -8204875526220246832
5407332623492497514 7320705379359155561
END
#control
5445
-1069760077940998521 -2908607948814826389
1464487794009310813 -203282761975490990
END
#control
21877
484115187152774388 777716538020832018
59819259265830942 -356319097649773992
END
#control
21839
-303758954116776045 -5552708199648441405
4926674645602707035 3729322148089843022
END
#control
21839
404002192879396739 -6373077358559467435
4020550105828715343 6808568462266244172
END
#control
38253
373647326419488688 91397402623660596
-1335831205987779820 -1154966487647355198
END
#control
5455
622979852610682899 -6157432507890108187
6697517596985422131 8052163111473529671
END
#control
38251
-5962936968762589558 -3356707542331712189
3630844162614360644 2333969459613935016
END
#control
54637
-3963037815909696975 -2539404560102158939
-326551030733173725 -253295748920445262
END
#control
5463
-3478922628756922587 -1761688022081326921
-266731771467342783 -609614846570219254
END
#control
5449
-239702249244873099 -1802566133349999609
325276110941216632 2521131218367803849
END
#control
21853
945806500176107876 -567028467362656690
2403867313731900578 -748478440522384120
END
#control
5473
3917669760810792960 1618966284613505516
-624255290312065020 2725882010661251648
END
#control
54633
-3282486626325489661 -1551662874968627547
618456247400583194 5101583328473899932
END
#control
5441
-3282486626325489661 -1551662874968627547
618456247400583194 5101583328473899932
END
#control
5483
-3538351982844345725 1306679094034455485
3031196807141169486 5923032657919378843
END
#control
54625
2893199743953581403 2412693589998061728
1983176963817486613 241886773789673756
END
#control
21865
2893199743953581403 2412693589998061728
1983176963817486613 241886773789673756
END
#control
21871
304443053584361711 -569453363278934718
1092107053450311153 -695577848608975346
END
#control
5451
2016108023860274343 -1660332104984470848
803040406473644963 -2440400353165582906
END
#control
5493
-701857655960875158 -3317001703216368986
-820263196916692195 1038295425929017614
END
#control
38231
-5336198551836027676 -1593755694099646609
2686585929959641110 2582092566016130369
END
#control
21863
1255017613917986204 2455114910714300548
-1312996454555521191 -3374755792940400350
END
#control
5483
3549687990647716894 -3941838469235622238
-443356735781505107 -23586851652461622
END
#control
54625
1181022494327483133 -1052022506093506740
1748616659366492541 -1394880228062395145
END
#control
5455
2362044988654966266 -2104045012187013480
3497233318732985082 -2789760456124790290
END
#control
5461
-1825905329818565226 -108869368236036402
-566942061877288960 -857809985519763170
END
#control
5489
2082264205988438648 -794121813975254336
-1121839738471175899 3235728053694121487
END
#control
54655
-2277491747692709334 -6143498697102067098
2291599999141277973 -4117515668611032607
END
#control
5451
-2557272530359236952 -4833575498890307954
-2327473058062883008 1907972841207879170
END
#control
38269
-233411282600021100 -342534345273117450
2715413002373149296 -412766399099769003
END
#control
5449
-3235890424900873440 1571957589203379770
-285502169656027950 1076152695881910225
END
#control
38239
-2209904120572253834 1820758211491303712
-220637756574606280 -1980375481129784885
END
#control
38261
-531923303871927667 1122622492600840366
-654911304739294183 1505832194175427039
END
#control
5459
491187034818905636 -1508529717651379343
-1536815749211822610 3991694414292242895
END
#control
5453
-260771442770679240 152296155536441616
1483443836472317244 -730232689552654176
END
#control
54601
-953870624212597784 -456325679799986469
739595900169829644 -277872060157815618
END
#control
54617
-953870624212597784 -456325679799986469
739595900169829644 -277872060157815618
END
#control
5501
-953870624212597784 -456325679799986469
739595900169829644 -277872060157815618
END
#control
54651
111275917059144231 1757539345950016646
1886668296603072004 -1800173767580382778
END
#control
38235
533223237399814348 3336487518350843481
492161091693948177 -16469513247140121
END
#control
54629
-3777381231677081830 -450691509692142785
-2531748180891787815 -5089815311271415795
END
#control
54633
-3777381231677081830 -450691509692142785
-2531748180891787815 -5089815311271415795
END
#control
38209
-3777381231677081830 -450691509692142785
-2531748180891787815 -5089815311271415795
END
#control
54603
-2846516866750905161 423478673911941358
1534254518644394165 -4910209619205712900
END
#control
5483
-1915652501824728492 1297648857516025501
5600257218180576145 -4730603927140010005
END
#control
5473
40373990871791398 111685489154922931
-1954487485672504772 -140939083414128487
END
#control
54629
-513038553122774240 119238528163814042
933663236398281251 -1120233460280150046
END
#control
54641
-513038553122774240 119238528163814042
933663236398281251 -1120233460280150046
END
#control
38239
-1026077106245548480 238477056327628084
1867326472796562502 -2240466920560300092
END
#control
38253
1483481605749081770 -2104919767494661173
-241796463196523241 -703552413511761932
END
#control
38237
-83236354537509887 1867656955337230621
-286128362270712080 2351433241068339845
END
#control
54621
-486264554568957874 -1939988814071706082
531196015321205593 -1339997439836621510
END
#control
38227
-999303107691732114 -1820750285907892040
1464859251719486844 -2460230900116771556
END
#control
38241
-450434281419092792 1618164396187545355
-638158427818286416 2614859426646138336
END
#control
54625
-806056464917243150 -431652098273735605
1043835431456263113 81003864120502065
END
#control
21871
-2721708966741971642 865996759242289896
6644092649636839258 -4649600063019507940
END
#control
38257
907579680866464840 -53686757558709305
-1475183688175296756 505327166841893061
END
#control
5467
-124284126301105512 -764725914032935207
3381604218236276343 -3738255202266101290
END
#control
54651
-5078417467013530070 1841292181453308810
2072819809492654822 -477574322369295128
END
#control
21863
-7435125967285088498 2816587603664327724
-2498453030651529614 3694451418280917684
END
#control
21843
-6025409758677296324 3332980626012027576
-1123021147511818752 2556412608865150812
END
#control
54631
-7599560204804310044 42621923855568948
-1814527667068436314 45560155866354920
END
#control
54639
-7599560204804310044 42621923855568948
-1814527667068436314 45560155866354920
END
#control
38239
8326041131114461598 -1756048333742170914
-5701875143629527450 568694634102004968
END
#control
5459
-7983318831207385756 -2017319207462411404
-1618625472549725262 2383150648154995700
END
#control
54645
-1669266694568104022 -1830524728298047148
-706887279990407462 2345053054304234292
END
#control
54601
-1669266694568104022 -1830524728298047148
-706887279990407462 2345053054304234292
END
#control
38239
-3338533389136208044 -3661049456596094296
-1413774559980814924 4690106108608468584
END
#control
21871
-2884686192868874158 -2598364562968926172
-1857922507368836475 265388715120548560
END
#control
21865
-1902738346963096596 1028948194082102356
-1200485679607605356 723868778955141903
END
#control
54643
-58472100774243906 -1851728606012292896
1263538880552044803 -442531032867489712
END
#control
21861
2826214092094630252 746635956956633276
3121461387920881278 -707919747988038272
END
#control
5479
-3135146365724236784 -120142661145271968
-1276353712898435228 -1574322400659303375
END
#control
38225
-3053923123955300254 -1271868788195616751
1372342446424358965 -1212494786992417925
END
